./aligned_img\202200025\2e255ad57df3fdcac0504446b734b473.png 246 673 873 1487
./aligned_img\202200025\30c1a74ab6aa8a03c6905f93967ad5cd.png 246 678 979 1623
./aligned_img\202200025\572eba40b3189d4d38b05b6882a6266a.png 263 546 822 1252
./aligned_img\202200025\62d5d0b628f9b41d317dbdeb202b1dfb.png 290 586 801 1204
./aligned_img\202200025\83d04a6502ba8c2a643cf5bc3f4fe82c.png 269 729 845 1492
./aligned_img\202200025\97f04f617039710009c4ecffd74d318a.png 108 634 896 1640
./aligned_img\202200025\9d19cd121652d1c9d8c4d35dc37c6059.png 248 710 847 1494
./aligned_img\202200025\a07ca889a7aa162c83ddca88e6ae6115.png 328 815 863 1541
./aligned_img\202200025\a8da1b879f29e7438e8ea2dab0019d0c.png 77 749 629 1429
./aligned_img\202200025\afe81c479f0beac2af6152868afe4b21.png 254 378 846 1118
./aligned_img\202200025\b28b291233843abbdb9c44d6f21bf0c0.png 306 532 841 1226
./aligned_img\202200025\c386d42adbfea0483fbcb17241dd7fe3.png 195 650 914 1600
./aligned_img\202200025\cdfec0f3529be1b30e316d8abaf88dab.png 298 903 816 1466
./aligned_img\202200025\e00c569e277e7bd6bd2c508612311d67.png 302 716 805 1354
